0 1000010653
1 1000004079
2 1000004141
3 1000015539
4 1000005744
5 1000010667
6 1000018290
7 1000018306
8 1000010961
9 1000009932
10 1000015309
11 1000007361
12 1000018294
13 1000014287
14 1000005910
15 1000001859
16 1000002221
17 1000017838
18 1000010647
19 1000011423
20 1000012989
21 1000012558
22 1000010061
23 1000005990
24 1000012993
25 1000014396
26 1000003787
27 1000010706
28 1000007138
29 1000003191
30 1000012583
31 1000010645
32 1000003977
33 1000005796
34 1000013922
35 1000005722
36 1000010683
37 1000010641
38 1000010461
39 1000004019
40 1000014053
41 1000004085
42 1000006465
43 1000001784
44 1000009632
45 1000010108
46 1000005874
47 1000014561
48 1000011046
49 1000020845
50 1000010538
51 1000012493
52 1000003955
53 1000014047
54 1000011475
55 1000014283
56 1000005820
57 1000005958
58 1000014316
59 1000011427
60 1000008966
61 1000010100
62 1000010170
63 1000010110
64 1000001863
65 1000005924
66 1000010661
67 1000016083
68 1000004402
69 1000018302
70 1000014688
71 1000002792
72 1000003853
73 1000004184
74 1000010136
75 1000007443
76 1000008856
77 1000014219
78 1000008770
79 1000012955
80 1000010151
81 1000014202
82 1000005493
83 1000011429
84 1000004148
85 1000018298
86 1000015806
87 1000014833
88 1000010793
89 1000005507
90 1000005956
91 1000018166
92 1000003780
93 1000010128
94 1000017771
95 1000006784
96 1000007804
97 1000016342
98 1000018296
99 1000011566
100 1000008535
101 1000006002
102 1000005509
103 1000018109
104 1000005326
105 1000007859
106 1000008933
107 1000010722
108 1000007345
109 1000002808
110 1000014165
111 1000013121
112 1000018284
113 1000010106
114 1000002328
115 1000014008
116 1000008868
117 1000011435
118 1000004331
119 1000004041
120 1000003979
121 1000011002
122 1000005780
123 1000005960
124 1000005531
125 1000001936
126 1000002371
127 1000014233
128 1000007590
129 1000012291
130 1000017751
131 1000010116
132 1000003956
133 1000015662
134 1000010608
135 1000005764
136 1000018244
137 1000003528
138 1000010677
139 1000002827
140 1000003796
141 1000014049
142 1000010029
143 1000014217
144 1000000878
145 1000018705
146 1000009054
147 1000016093
148 1000017055
149 1000010820
150 1000016980
151 1000006414
152 1000018844
153 1000013038
154 1000001729
155 1000003320
156 1000018178
157 1000000540
158 1000000428
159 1000009052
160 1000002648
161 1000001589
162 1000002794
163 1000017394
164 1000018826
165 1000019570
166 1000013129
167 1000010663
168 1000001765
169 1000003983
170 1000002615
171 1000016657
172 1000010635
173 1000010789
174 1000004153
175 1000003813
176 1000016464
177 1000018958
178 1000008958
179 1000019772
180 1000018838
181 1000002822
182 1000018246
183 1000000802
184 1000002852
185 1000010053
186 1000014051
187 1000008094
188 1000014199
189 1000001855
190 1000021535
191 1000001786
192 1000001769
193 1000007247
194 1000016534
195 1000002386
196 1000005426
197 1000016738
198 1000005483
199 1000014173
200 1000009591
201 1000015763
202 1000004047
203 1000013776
204 1000001851
205 1000001763
206 1000012977
207 1000021533
208 1000001930
209 1000019468
210 1000011349
211 1000010393
212 1000011401
213 1000002563
214 1000005732
215 1000014568
216 1000010176
217 1000013766
218 1000015912
219 1000005822
220 1000001972
221 1000020773
222 1000015565
223 1000016258
224 1000014028
225 1000011403
226 1000014305
227 1000005762
228 1000010132
229 1000012791
230 1000004305
231 1000001709
232 1000002361
233 1000015613
234 1000014017
235 1000018286
236 1000005760
237 1000014210
238 1000012965
239 1000016484
240 1000010082
241 1000018152
242 1000020839
243 1000012991
244 1000015472
245 1000011393
246 1000015774
247 1000014154
248 1000010681
249 1000014184
250 1000018250
251 1000000681
252 1000005920
253 1000004181
254 1000006384
255 1000015716
256 1000002439
257 1000018304
258 1000012147
259 1000013015
260 1000014267
261 1000010178
262 1000014311
263 1000005912
264 1000018885
265 1000006016
266 1000013934
267 1000020759
268 1000001266
269 1000001831
270 1000015066
271 1000019528
272 1000012554
273 1000004067
274 1000014030
275 1000010671
276 1000006631
277 1000005818
278 1000003326
279 1000003400
280 1000003659
281 1000001921
282 1000019877
283 1000005786
284 1000001401
285 1000006673
286 1000010547
287 1000014309
288 1000007700
289 1000014383
290 1000022397
291 1000005878
292 1000004000
293 1000010149
294 1000002810
295 1000018011
296 1000004261
297 1000013017
298 1000003416
299 1000015826
300 1000013007
301 1000010726
302 1000003798
303 1000000534
304 1000018356
305 1000016748
306 1000005866
307 1000001838
308 1000017303
309 1000010716
310 1000010465
311 1000018278
312 1000010587
313 1000013029
314 1000008925
315 1000004438
316 1000014102
317 1000008621
318 1000014238
319 1000019985
320 1000001585
321 1000010906
322 1000010455
323 1000019586
324 1000016959
325 1000005880
326 1000011048
327 1000010164
328 1000003670
329 1000011383
330 1000014526
331 1000003412
332 1000015553
333 1000002989
334 1000014197
335 1000006619
336 1000009930
337 1000012145
338 1000019578
339 1000022413
340 1000002621
341 1000005994
342 1000003466
343 1000008367
344 1000000431
345 1000008558
346 1000018317
347 1000018523
348 1000003964
349 1000015706
350 1000017061
351 1000015830
352 1000012366
353 1000020401
354 1000014488
355 1000014132
356 1000002476
357 1000014924
358 1000002866
359 1000005611
360 1000000638
361 1000002638
362 1000014347
363 1000005902
364 1000010055
365 1000006064
366 1000017709
367 1000000591
368 1000012043
369 1000016109
370 1000011405
371 1000005330
372 1000014290
373 1000010379
374 1000017663
375 1000004415
376 1000017195
377 1000015769
378 1000010791
379 1000010708
380 1000001939
381 1000000662
382 1000018319
383 1000013135
384 1000017901
385 1000002856
386 1000002981
387 1000018334
388 1000010094
389 1000005782
390 1000011418
391 1000008939
392 1000018233
393 1000018280
394 1000007574
395 1000001842
396 1000017907
397 1000010904
398 1000003963
399 1000008780
400 1000017183
401 1000014156
402 1000014252
403 1000015468
404 1000019532
405 1000010806
406 1000014263
407 1000002194
408 1000012447
409 1000002606
410 1000014150
411 1000005894
412 1000010112
413 1000014062
414 1000007300
415 1000002063
416 1000000552
417 1000012542
418 1000011437
419 1000014940
420 1000002553
421 1000012230
422 1000012501
423 1000011345
424 1000015854
425 1000010092
426 1000017859
427 1000002472
428 1000006306
429 1000013832
430 1000001756
431 1000008782
432 1000018154
433 1000018292
434 1000005966
435 1000009084
436 1000012655
437 1000014107
438 1000003001
439 1000018491
440 1000012900
441 1000005882
442 1000007592
443 1000019516
444 1000017057
445 1000001733
446 1000015816
447 1000019114
448 1000015327
449 1000013750
450 1000004056
451 1000018505
452 1000019977
453 1000002979
454 1000015767
455 1000015541
456 1000006742
457 1000010120
458 1000006190
459 1000010174
460 1000002375
461 1000005784
462 1000008929
463 1000022231
464 1000014206
465 1000005890
466 1000006653
467 1000007355
468 1000001703
469 1000008791
470 1000017822
471 1000016212
472 1000014730
473 1000015631
474 1000006158
475 1000005537
476 1000018738
477 1000010551
478 1000008918
479 1000012133
480 1000018521
481 1000010989
482 1000020405
483 1000014686
484 1000001163
485 1000013214
486 1000015456
487 1000005370
488 1000017071
489 1000013009
490 1000002061
491 1000012024
492 1000013196
493 1000010024
494 1000011397
495 1000016775
496 1000018176
497 1000013364
498 1000013218
499 1000005317
500 1000012499
501 1000002882
502 1000014410
503 1000010001
504 1000006364
505 1000004345
506 1000005856
507 1000013439
508 1000010847
509 1000008759
510 1000004454
511 1000012610
512 1000005609
513 1000017917
514 1000003938
515 1000012273
516 1000010734
517 1000005908
518 1000010047
519 1000000422
520 1000013355
521 1000003943
522 1000008826
523 1000003039
524 1000013033
525 1000018499
526 1000002776
527 1000017812
528 1000010065
529 1000008956
530 1000004090
531 1000018150
532 1000014418
533 1000012556
534 1000003689
535 1000005814
536 1000018183
537 1000022514
538 1000015641
539 1000004142
540 1000012957
541 1000005708
542 1000004032
543 1000016276
544 1000010114
545 1000003009
546 1000004147
547 1000002365
548 1000006687
549 1000003945
550 1000010724
551 1000000589
552 1000003035
553 1000005986
554 1000016153
555 1000011473
556 1000016468
557 1000013478
558 1000012639
559 1000007722
560 1000010045
561 1000002239
562 1000004052
563 1000004303
564 1000014269
565 1000015498
566 1000001771
567 1000004027
568 1000002612
569 1000016690
570 1000012971
571 1000018386
572 1000016920
573 1000013381
574 1000008852
575 1000005503
576 1000006949
577 1000012537
578 1000010090
579 1000016242
580 1000005730
581 1000010554
582 1000019520
583 1000004580
584 1000010928
585 1000015543
586 1000014716
587 1000008941
588 1000014247
589 1000013387
590 1000012408
591 1000018402
592 1000013063
593 1000016268
594 1000015123
595 1000010836
596 1000014281
597 1000005842
598 1000014109
599 1000010851
600 1000007894
601 1000014742
602 1000004411
603 1000018509
604 1000006362
605 1000000548
606 1000004006
607 1000016274
608 1000003593
609 1000007142
610 1000003489
611 1000015258
612 1000022467
613 1000019470
614 1000015863
615 1000014285
616 1000008753
617 1000013366
618 1000014096
619 1000018330
620 1000003246
621 1000009665
622 1000012999
623 1000019760
624 1000010155
625 1000014224
626 1000001752
627 1000015423
628 1000016348
629 1000002409
630 1000004281
631 1000008866
632 1000018600
633 1000003974
634 1000009979
635 1000000506
636 1000021524
637 1000014412
638 1000010556
639 1000007365
640 1000013262
641 1000009104
642 1000001254
643 1000000405
644 1000010686
645 1000012851
646 1000005401
647 1000011388
648 1000018742
649 1000018170
650 1000005876
651 1000010126
652 1000006716
653 1000003713
654 1000018156
655 1000005654
656 1000016234
657 1000015647
658 1000000364
659 1000002002
660 1000016125
661 1000007265
662 1000000359
663 1000018164
664 1000000687
665 1000018575
666 1000010122
667 1000010918
668 1000010086
669 1000005274
670 1000006458
671 1000008935
672 1000009958
673 1000014058
674 1000006137
675 1000002557
676 1000001844
677 1000013133
678 1000006933
679 1000005850
680 1000008365
681 1000003934
682 1000000673
683 1000016260
684 1000008870
685 1000015561
686 1000022391
687 1000017855
688 1000015387
689 1000013061
690 1000018190
691 1000006040
692 1000017053
693 1000015672
694 1000016649
695 1000018300
696 1000012336
697 1000010168
698 1000017753
699 1000011377
700 1000006545
701 1000018716
702 1000018148
703 1000002604
704 1000019631
705 1000010387
706 1000019077
707 1000003572
708 1000012221
709 1000014257
710 1000005463
711 1000002788
712 1000016924
713 1000010948
714 1000005996
715 1000001853
716 1000014307
717 1000001829
718 1000018480
719 1000014824
720 1000000568
721 1000014329
722 1000002964
723 1000014272
724 1000005491
725 1000016129
726 1000007069
727 1000019026
728 1000019766
729 1000013230
730 1000001725
731 1000014901
732 1000001882
733 1000016236
734 1000014152
735 1000010463
736 1000003447
737 1000018734
738 1000010383
739 1000011470
740 1000012028
741 1000001759
742 1000016662
743 1000006720
744 1000016322
745 1000008772
746 1000022381
747 1000008952
748 1000017707
749 1000014010
750 1000015060
751 1000006058
752 1000002610
753 1000006870
754 1000017830
755 1000005770
756 1000010039
757 1000012797
758 1000016936
759 1000010935
760 1000016761
761 1000007158
762 1000014229
763 1000018726
764 1000015708
765 1000001951
766 1000017324
767 1000002636
768 1000020697
769 1000011448
770 1000018248
771 1000004392
772 1000010180
773 1000003353
774 1000015802
775 1000004115
776 1000018983
777 1000003829
778 1000002892
779 1000014226
780 1000006819
781 1000018091
782 1000018846
783 1000010573
784 1000012414
785 1000016704
786 1000016210
787 1000000433
788 1000003228
789 1000016206
790 1000006187
791 1000000601
792 1000014042
793 1000004016
794 1000010078
795 1000004157
796 1000008765
797 1000003373
798 1000006730
799 1000005740
800 1000015698
801 1000014148
802 1000018372
803 1000010579
804 1000015508
805 1000007166
806 1000014514
807 1000002898
808 1000014976
809 1000012377
810 1000002326
811 1000002004
812 1000015620
813 1000011431
814 1000016708
815 1000015940
816 1000013013
817 1000018103
818 1000005976
819 1000017844
820 1000008996
821 1000003775
822 1000006567
823 1000014474
824 1000016332
825 1000014276
826 1000004313
827 1000016134
828 1000015555
829 1000015658
830 1000012352
831 1000015490
832 1000003361
833 1000008786
834 1000016906
835 1000015352
836 1000002975
837 1000019012
838 1000002796
839 1000007477
840 1000005714
841 1000016290
842 1000005272
843 1000008864
844 1000006706
845 1000001750
846 1000010408
847 1000016943
848 1000005716
849 1000010778
850 1000013349
851 1000007609
852 1000005916
853 1000002065
854 1000019104
855 1000002644
856 1000017945
857 1000002464
858 1000014918
859 1000009952
860 1000005700
861 1000022395
862 1000016232
863 1000019734
864 1000005808
865 1000007582
866 1000014128
867 1000000559
868 1000010153
869 1000018581
870 1000012550
871 1000016434
872 1000000485
873 1000007316
874 1000013277
875 1000016676
876 1000016674
877 1000013318
878 1000005928
879 1000005556
880 1000005830
881 1000018025
882 1000015099
883 1000018089
884 1000022209
885 1000003452
886 1000010830
887 1000000504
888 1000002301
889 1000017792
890 1000005328
891 1000019081
892 1000013222
893 1000018229
894 1000020717
895 1000017961
896 1000012857
897 1000010679
898 1000022415
899 1000002758
900 1000004169
901 1000002053
902 1000021520
903 1000004413
904 1000010714
905 1000002486
906 1000017332
907 1000004349
908 1000005454
909 1000006010
910 1000000643
911 1000015618
912 1000016645
913 1000001857
914 1000009661
915 1000017985
916 1000007566
917 1000007349
918 1000009587
919 1000010051
920 1000003616
921 1000002987
922 1000002642
923 1000016694
924 1000006018
925 1000010718
926 1000001998
927 1000002601
928 1000005282
929 1000008761
930 1000010863
931 1000006352
932 1000015852
933 1000004095
934 1000018062
935 1000009088
936 1000014026
937 1000018703
938 1000005892
939 1000002872
940 1000014111
941 1000001927
942 1000015820
943 1000007106
944 1000002181
945 1000006904
946 1000000478
947 1000016609
948 1000017973
949 1000018254
950 1000012961
951 1000013862
952 1000003277
953 1000015506
954 1000012645
955 1000006694
956 1000002876
957 1000006000
958 1000022399
959 1000007424
960 1000005800
961 1000015859
962 1000010597
963 1000001743
964 1000019071
965 1000006030
966 1000011460
967 1000015024
968 1000013068
969 1000015734
970 1000019997
971 1000012805
972 1000010020
973 1000014907
974 1000012983
975 1000014038
976 1000017971
977 1000002027
978 1000015192
979 1000006945
980 1000015454
981 1000003800
982 1000000516
983 1000010377
984 1000012975
985 1000006032
986 1000006732
987 1000010669
988 1000004318
989 1000018720
990 1000006580
991 1000014830
992 1000002006
993 1000004060
994 1000002215
995 1000010585
996 1000001962
997 1000019253
998 1000004108
999 1000005678
1000 1000017826
1001 1000010884
1002 1000003986
1003 1000019762
1004 1000003952
1005 1000010954
1006 1000020851
1007 1000013445
1008 1000020417
1009 1000006774
1010 1000014213
1011 1000014250
1012 1000015680
1013 1000004296
1014 1000014143
1015 1000018870
1016 1000011896
1017 1000018282
1018 1000012050
1019 1000009316
1020 1000010981
1021 1000001409
1022 1000014349
1023 1000013247
1024 1000003684
1025 1000017997
1026 1000011037
1027 1000004373
1028 1000019148
1029 1000005471
1030 1000002991
1031 1000004398
1032 1000005936
1033 1000003705
1034 1000014134
1035 1000006131
1036 1000018833
1037 1000017919
1038 1000018083
1039 1000019002
1040 1000001290
1041 1000016410
1042 1000012511
1043 1000014337
1044 1000016200
1045 1000004065
1046 1000006370
1047 1000014553
1048 1000015844
1049 1000000285
1050 1000010063
1051 1000013668
1052 1000014100
1053 1000017458
1054 1000006917
1055 1000010124
1056 1000013472
1057 1000017883
1058 1000007130
1059 1000018242
1060 1000005319
1061 1000012443
1062 1000018707
1063 1000012269
1064 1000001775
1065 1000005848
1066 1000002548
1067 1000015944
1068 1000003921
1069 1000014559
1070 1000019014
1071 1000007182
1072 1000003530
1073 1000000249
1074 1000001956
1075 1000004074
1076 1000014625
1077 1000001727
1078 1000004400
1079 1000002588
1080 1000009950
1081 1000004009
1082 1000014810
1083 1000005542
1084 1000007431
1085 1000013245
1086 1000012951
1087 1000014385
1088 1000004044
1089 1000009075
1090 1000016460
1091 1000002258
1092 1000010782
1093 1000009650
1094 1000003940
1095 1000005934
1096 1000010610
1097 1000013705
1098 1000006316
1099 1000002405
1100 1000018774
1101 1000005758
1102 1000006408
1103 1000004316
1104 1000001947
1105 1000013341
1106 1000016408
1107 1000003534
1108 1000002324
1109 1000014390
1110 1000003825
1111 1000014182
1112 1000008943
1113 1000016746
1114 1000004582
1115 1000002458
1116 1000006046
1117 1000018049
1118 1000011020
1119 1000004478
1120 1000017749
1121 1000002125
1122 1000019431
1123 1000008810
1124 1000001788
1125 1000018823
1126 1000015704
1127 1000008778
1128 1000015870
1129 1000014683
1130 1000022309
1131 1000007347
1132 1000016292
1133 1000012949
1134 1000012600
1135 1000001861
1136 1000005858
1137 1000012213
1138 1000010453
1139 1000010771
1140 1000014968
1141 1000015115
1142 1000016486
1143 1000010088
1144 1000011433
1145 1000011477
1146 1000016512
1147 1000007385
1148 1000012143
1149 1000012105
1150 1000012495
1151 1000006358
1152 1000005613
1153 1000008080
1154 1000014067
1155 1000006366
1156 1000014408
1157 1000018722
1158 1000012785
1159 1000003566
1160 1000012540
1161 1000005540
1162 1000012841
1163 1000022604
1164 1000003289
1165 1000005832
1166 1000010118
1167 1000011732
1168 1000005643
1169 1000011926
1170 1000002219
1171 1000012509
1172 1000002977
1173 1000007102
1174 1000014363
1175 1000014303
1176 1000016670
1177 1000006724
1178 1000003851
1179 1000011530
1180 1000013117
1181 1000019382
1182 1000000383
1183 1000015838
1184 1000005473
1185 1000004655
1186 1000020849
1187 1000014400
1188 1000003676
1189 1000013260
1190 1000012389
1191 1000012921
1192 1000013023
1193 1000004154
1194 1000002363
1195 1000012441
1196 1000005930
1197 1000008774
1198 1000016702
1199 1000006376
1200 1000002902
1201 1000018427
1202 1000017757
1203 1000002781
1204 1000017059
1205 1000007369
1206 1000005944
1207 1000002850
1208 1000020015
1209 1000010629
1210 1000003687
1211 1000004307
1212 1000018366
1213 1000018047
1214 1000002295
1215 1000000470
1216 1000004055
1217 1000007900
1218 1000016474
1219 1000003720
1220 1000002373
1221 1000006129
1222 1000019119
1223 1000009077
1224 1000004396
1225 1000018051
1226 1000002695
1227 1000002308
1228 1000002200
1229 1000016696
1230 1000016430
1231 1000002135
1232 1000005888
1233 1000020135
1234 1000016144
1235 1000006999
1236 1000012416
1237 1000014115
1238 1000018714
1239 1000022508
1240 1000010583
1241 1000014161
1242 1000003610
1243 1000006524
1244 1000014692
1245 1000012301
1246 1000019639
1247 1000014083
1248 1000010399
1249 1000005414
1250 1000015184
1251 1000001974
1252 1000002578
1253 1000015336
1254 1000012131
1255 1000005450
1256 1000012264
1257 1000004176
1258 1000008805
1259 1000008830
1260 1000003997
1261 1000012434
1262 1000019572
1263 1000019534
1264 1000002243
1265 1000001896
1266 1000014867
1267 1000020421
1268 1000007730
1269 1000002170
1270 1000006988
1271 1000002703
1272 1000010575
1273 1000016151
1274 1000014073
1275 1000015342
1276 1000006935
1277 1000004484
1278 1000014024
1279 1000000580
1280 1000017715
1281 1000005662
1282 1000018511
1283 1000009669
1284 1000017418
1285 1000010996
1286 1000014320
1287 1000014951
1288 1000018225
1289 1000013234
1290 1000000830
1291 1000014071
1292 1000002755
1293 1000015795
1294 1000017878
1295 1000012107
1296 1000014416
1297 1000000582
1298 1000007750
1299 1000017931
1300 1000019200
1301 1000014702
1302 1000003351
1303 1000010946
1304 1000016298
1305 1000018951
1306 1000006569
1307 1000012823
1308 1000006060
1309 1000001294
1310 1000010577
1311 1000017925
1312 1000007433
1313 1000002962
1314 1000012889
1315 1000005300
1316 1000005724
1317 1000010808
1318 1000015572
1319 1000008854
1320 1000008767
1321 1000006062
1322 1000007118
1323 1000016138
1324 1000007807
1325 1000004238
1326 1000012585
1327 1000010361
1328 1000017486
1329 1000015521
1330 1000010443
1331 1000018618
1332 1000014318
1333 1000002888
1334 1000006388
1335 1000017673
1336 1000022317
1337 1000019550
1338 1000014863
1339 1000017788
1340 1000014243
1341 1000004408
1342 1000019995
1343 1000016500
1344 1000004434
1345 1000011636
1346 1000014522
1347 1000004320
1348 1000018587
1349 1000003701
1350 1000001579
1351 1000005495
1352 1000015936
1353 1000010910
1354 1000004230
1355 1000020763
1356 1000005870
1357 1000001705
1358 1000015340
1359 1000006549
1360 1000019633
1361 1000003672
1362 1000002380
1363 1000005656
1364 1000001258
1365 1000012718
1366 1000000237
1367 1000012987
1368 1000002735
1369 1000002800
1370 1000017915
1371 1000013283
1372 1000006024
1373 1000015850
1374 1000003402
1375 1000013470
1376 1000000416
1377 1000018646
1378 1000006196
1379 1000013371
1380 1000005776
1381 1000013140
1382 1000008799
1383 1000018596
1384 1000012397
1385 1000016142
1386 1000003015
1387 1000003649
1388 1000014476
1389 1000019421
1390 1000010659
1391 1000002275
1392 1000015153
1393 1000002271
1394 1000010637
1395 1000001704
1396 1000007835
1397 1000003437
1398 1000002520
1399 1000010933
1400 1000002597
1401 1000014022
1402 1000016338
1403 1000020719
1404 1000013924
1405 1000014215
1406 1000003268
1407 1000016157
1408 1000018972
1409 1000006026
1410 1000007377
1411 1000020745
1412 1000012843
1413 1000000389
1414 1000006420
1415 1000002723
1416 1000001966
1417 1000002584
1418 1000005469
1419 1000002747
1420 1000006790
1421 1000014998
1422 1000002650
1423 1000018027
1424 1000002664
1425 1000014245
1426 1000012981
1427 1000012755
1428 1000014190
1429 1000010562
1430 1000005826
1431 1000018724
1432 1000002293
1433 1000021522
1434 1000012513
1435 1000010589
1436 1000006239
1437 1000017959
1438 1000007879
1439 1000001284
1440 1000012381
1441 1000000243
1442 1000016508
1443 1000014944
1444 1000010067
1445 1000012285
1446 1000015882
1447 1000019618
1448 1000015776
1449 1000013232
1450 1000002202
1451 1000008836
1452 1000015313
1453 1000010967
1454 1000015492
1455 1000012518
1456 1000017611
1457 1000005718
1458 1000003881
1459 1000006382
1460 1000013119
1461 1000010104
1462 1000010359
1463 1000012561
1464 1000009585
1465 1000018798
1466 1000020865
1467 1000015385
1468 1000006181
1469 1000002844
1470 1000017911
1471 1000001735
1472 1000013159
1473 1000005754
1474 1000005479
1475 1000015946
1476 1000014387
1477 1000016414
1478 1000013417
1479 1000011462
1480 1000014490
1481 1000001746
1482 1000012423
1483 1000005615
1484 1000014208
1485 1000013019
1486 1000010855
1487 1000012123
1488 1000012979
1489 1000005513
1490 1000004341
1491 1000015861
1492 1000012764
1493 1000022307
1494 1000003544
1495 1000018906
1496 1000017773
1497 1000004444
1498 1000007284
1499 1000000605
1500 1000014746
1501 1000010985
1502 1000017836
1503 1000014085
1504 1000016619
1505 1000013302
1506 1000002133
1507 1000003623
1508 1000019130
1509 1000004363
1510 1000014905
1511 1000010009
1512 1000012338
1513 1000006565
1514 1000004004
1515 1000012967
1516 1000018602
1517 1000002023
1518 1000006939
1519 1000005736
1520 1000006509
1521 1000003480
1522 1000017077
1523 1000018130
1524 1000015178
1525 1000007586
1526 1000005828
1527 1000018252
1528 1000001398
1529 1000012030
1530 1000019243
1531 1000017864
1532 1000016490
1533 1000001979
1534 1000008916
1535 1000004467
1536 1000002619
1537 1000014398
1538 1000000397
1539 1000015666
1540 1000003025
1541 1000015091
1542 1000014222
1543 1000004163
1544 1000020863
1545 1000006320
1546 1000010998
1547 1000016373
1548 1000015790
1549 1000000737
1550 1000012831
1551 1000007594
1552 1000015518
1553 1000017975
1554 1000000804
1555 1000002546
1556 1000019168
1557 1000014077
1558 1000016294
1559 1000019417
1560 1000016603
1561 1000008904
1562 1000012426
1563 1000014814
1564 1000004692
1565 1000005487
1566 1000017571
1567 1000012401
1568 1000003548
1569 1000008989
1570 1000004174
1571 1000005605
1572 1000005499
1573 1000002904
1574 1000017941
1575 1000010943
1576 1000019756
1577 1000002774
1578 1000003620
1579 1000014019
1580 1000018037
1581 1000016163
1582 1000010633
1583 1000011963
1584 1000002483
1585 1000013874
1586 1000014331
1587 1000018732
1588 1000020739
1589 1000014186
1590 1000018538
1591 1000006495
1592 1000006050
1593 1000017923
1594 1000016947
1595 1000006008
1596 1000003031
1597 1000014075
1598 1000016230
1599 1000006710
1600 1000012524
1601 1000009374
1602 1000002516
1603 1000002971
1604 1000008843
1605 1000018358
1606 1000022213
1607 1000014092
1608 1000005270
1609 1000017173
1610 1000014392
1611 1000013391
1612 1000000253
1613 1000006768
1614 1000018374
1615 1000005806
1616 1000010673
1617 1000002582
1618 1000017501
1619 1000010080
1620 1000002059
1621 1000014130
1622 1000005521
1623 1000004273
1624 1000007338
1625 1000010591
1626 1000006354
1627 1000005798
1628 1000016700
1629 1000014895
1630 1000014322
1631 1000017083
1632 1000011443
1633 1000006456
1634 1000016712
1635 1000000414
1636 1000015334
1637 1000013251
1638 1000017637
1639 1000018648
1640 1000017705
1641 1000015470
1642 1000015867
1643 1000009946
1644 1000011335
1645 1000018203
1646 1000012359
1647 1000014930
1648 1000015810
1649 1000011634
1650 1000004450
1651 1000002481
1652 1000010712
1653 1000003540
1654 1000007261
1655 1000014341
1656 1000014204
1657 1000018657
1658 1000017755
1659 1000015268
1660 1000014279
1661 1000003833
1662 1000009267
1663 1000017599
1664 1000002858
1665 1000002423
1666 1000011690
1667 1000010026
1668 1000015910
1669 1000004111
1670 1000010166
1671 1000019075
1672 1000005666
1673 1000004187
1674 1000008676
1675 1000012361
1676 1000020001
1677 1000006398
1678 1000004371
1679 1000004035
1680 1000017189
1681 1000005560
1682 1000001393
1683 1000021541
1684 1000001233
1685 1000010391
1686 1000015623
1687 1000014932
1688 1000018348
1689 1000004327
1690 1000014839
1691 1000018483
1692 1000008607
1693 1000016089
1694 1000001780
1695 1000014136
1696 1000009667
1697 1000017101
1698 1000006712
1699 1000003917
1700 1000010840
1701 1000012527
1702 1000008441
1703 1000016672
1704 1000010832
1705 1000019057
1706 1000002900
1707 1000016607
1708 1000000557
1709 1000001945
1710 1000008692
1711 1000012969
1712 1000009993
1713 1000011009
1714 1000019582
1715 1000008363
1716 1000002334
1717 1000008962
1718 1000000251
1719 1000020472
1720 1000009997
1721 1000012859
1722 1000000345
1723 1000014324
1724 1000018573
1725 1000019067
1726 1000012328
1727 1000005276
1728 1000016272
1729 1000016344
1730 1000006418
1731 1000008979
1732 1000014298
1733 1000010072
1734 1000002320
1735 1000002250
1736 1000000700
1737 1000000435
1738 1000018235
1739 1000004298
1740 1000007128
1741 1000002894
1742 1000022311
1743 1000003347
1744 1000016532
1745 1000005954
1746 1000003731
1747 1000004228
1748 1000017810
1749 1000006344
1750 1000018080
1751 1000002411
1752 1000016724
1753 1000000451
1754 1000015432
1755 1000018340
1756 1000015702
1757 1000015260
1758 1000018689
1759 1000005774
1760 1000001941
1761 1000015070
1762 1000012787
1763 1000002443
1764 1000015842
1765 1000005938
1766 1000019176
1767 1000001260
1768 1000018938
1769 1000014032
1770 1000010365
1771 1000009303
1772 1000014060
1773 1000016420
1774 1000002498
1775 1000015525
1776 1000010049
1777 1000004012
1778 1000015500
1779 1000017067
1780 1000012877
1781 1000005854
1782 1000013768
1783 1000004526
1784 1000016252
1785 1000002452
1786 1000012332
1787 1000014740
1788 1000013425
1789 1000016127
1790 1000005485
1791 1000017761
1792 1000010581
1793 1000014637
1794 1000004268
1795 1000015744
1796 1000016526
1797 1000002447
1798 1000000741
1799 1000014122
1800 1000016458
1801 1000001908
1802 1000000381
1803 1000019867
1804 1000006006
1805 1000008973
1806 1000016262
1807 1000016668
1808 1000014090
1809 1000017848
1810 1000007543
1811 1000000373
1812 1000017969
1813 1000012563
1814 1000003606
1815 1000018796
1816 1000015140
1817 1000002117
1818 1000008874
1819 1000016379
1820 1000019006
1821 1000003950
1822 1000006559
1823 1000000726
1824 1000015718
1825 1000012124
1826 1000003464
1827 1000016395
1828 1000006467
1829 1000007088
1830 1000005584
1831 1000007148
1832 1000006763
1833 1000010868
1834 1000019164
1835 1000016381
1836 1000012267
1837 1000013239
1838 1000018746
1839 1000004050
1840 1000008983
1841 1000006726
1842 1000016300
1843 1000000370
1844 1000004277
1845 1000007132
1846 1000008788
1847 1000002804
1848 1000003568
1849 1000010401
1850 1000007134
1851 1000002119
1852 1000008981
1853 1000012476
1854 1000009989
1855 1000014113
1856 1000002886
1857 1000013443
1858 1000018352
1859 1000003711
1860 1000019478
1861 1000002646
1862 1000014909
1863 1000018378
1864 1000014570
1865 1000011483
1866 1000017711
1867 1000018709
1868 1000006911
1869 1000007422
1870 1000007409
1871 1000018493
1872 1000018669
1873 1000005838
1874 1000020007
1875 1000000526
1876 1000014572
1877 1000021436
1878 1000008595
1879 1000008818
1880 1000003600
1881 1000014818
1882 1000018189
1883 1000015754
1884 1000002425
1885 1000018836
1886 1000006744
1887 1000018039
1888 1000003407
1889 1000002783
1890 1000006831
1891 1000003899
1892 1000006004
1893 1000015012
1894 1000014104
1895 1000006160
1896 1000016560
1897 1000013339
1898 1000006953
1899 1000002973
1900 1000015038
1901 1000012925
1902 1000005501
1903 1000017935
1904 1000014708
1905 1000018187
1906 1000016099
1907 1000008998
1908 1000002246
1909 1000002204
1910 1000014528
1911 1000012113
1912 1000000677
1913 1000005592
1914 1000000584
1915 1000019524
1916 1000003645
1917 1000007545
1918 1000014353
1919 1000010639
1920 1000018949
1921 1000015415
1922 1000007282
1923 1000014720
1924 1000019108
1925 1000004591
1926 1000004081
1927 1000018429
1928 1000018842
1929 1000010773
1930 1000018585
1931 1000001739
1932 1000006931
1933 1000012129
1934 1000019152
1935 1000019881
1936 1000019289
1937 1000011439
1938 1000019051
1939 1000016073
1940 1000003468
1941 1000003823
1942 1000016692
1943 1000005290
1944 1000014966
1945 1000015226
1946 1000019645
1947 1000000424
1948 1000018616
1949 1000010385
1950 1000008763
1951 1000000612
1952 1000008877
1953 1000003747
1954 1000019193
1955 1000019218
1956 1000012141
1957 1000003831
1958 1000016398
1959 1000001723
1960 1000004014
1961 1000014394
1962 1000005336
1963 1000000576
1964 1000012255
1965 1000019754
1966 1000002231
1967 1000002690
1968 1000010766
1969 1000004275
1970 1000015389
1971 1000002268
1972 1000008560
1973 1000012295
1974 1000016496
1975 1000002488
1976 1000001778
1977 1000017899
1978 1000015364
1979 1000015780
1980 1000015797
1981 1000002262
1982 1000003960
1983 1000015176
1984 1000003778
1985 1000012995
1986 1000013902
1987 1000003155
1988 1000012647
1989 1000016117
1990 1000010389
1991 1000013295
1992 1000008803
1993 1000000472
1994 1000005315
1995 1000017595
1996 1000016722
1997 1000003709
1998 1000007886
1999 1000014887
2000 1000016081
2001 1000014326
2002 1000007833
2003 1000017513
2004 1000019024
2005 1000002332
2006 1000005860
2007 1000001849
2008 1000018667
2009 1000012602
2010 1000015714
2011 1000018610
2012 1000001282
2013 1000012281
2014 1000014916
2015 1000003782
2016 1000016583
2017 1000002172
2018 1000002441
2019 1000014015
2020 1000019873
2021 1000005399
2022 1000002818
2023 1000007081
2024 1000016916
2025 1000019604
2026 1000015782
2027 1000006555
2028 1000006020
2029 1000006314
2030 1000015520
2031 1000002304
2032 1000008776
2033 1000012886
2034 1000020452
2035 1000000520
2036 1000012608
2037 1000005896
2038 1000015502
2039 1000017424
2040 1000014292
2041 1000012236
2042 1000000572
2043 1000010694
2044 1000005918
2045 1000015002
2046 1000002208
2047 1000005792
2048 1000019092
2049 1000002786
2050 1000006851
2051 1000001968
2052 1000000616
2053 1000006613
2054 1000011879
2055 1000017814
2056 1000007720
2057 1000003804
2058 1000001910
2059 1000006835
2060 1000001925
2061 1000002033
2062 1000002478
2063 1000022417
2064 1000014081
2065 1000007742
2066 1000014480
2067 1000003591
2068 1000001252
2069 1000002842
2070 1000002164
2071 1000019510
2072 1000005712
2073 1000019065
2074 1000012393
2075 1000006454
2076 1000011044
2077 1000002113
2078 1000002565
2079 1000011468
2080 1000015966
2081 1000002348
2082 1000001575
2083 1000012620
2084 1000016972
2085 1000004070
2086 1000016585
2087 1000004311
2088 1000012891
2089 1000003802
2090 1000000271
2091 1000019498
2092 1000017185
2093 1000016912
2094 1000019263
2095 1000006994
2096 1000017581
2097 1000014806
2098 1000003285
2099 1000010826
2100 1000013860
2101 1000012289
2102 1000016631
2103 1000008872
2104 1000000710
2105 1000013884
2106 1000018691
2107 1000003602
2108 1000010976
2109 1000016075
2110 1000018146
2111 1000014700
2112 1000006056
2113 1000020795
2114 1000002526
2115 1000010857
2116 1000011904
2117 1000016456
2118 1000012243
2119 1000002623
2120 1000003029
2121 1000001840
2122 1000017020
2123 1000006847
2124 1000001748
2125 1000019126
2126 1000015163
2127 1000008801
2128 1000003404
2129 1000000514
2130 1000018221
2131 1000009561
2132 1000002237
2133 1000007259
2134 1000005834
2135 1000013025
2136 1000012896
2137 1000002008
2138 1000012827
2139 1000004424
2140 1000012776
2141 1000018736
2142 1000007276
2143 1000003317
2144 1000017181
2145 1000005278
2146 1000018517
2147 1000016660
2148 1000001535
2149 1000017549
2150 1000000377
2151 1000017326
2152 1000015682
2153 1000010416
2154 1000016581
2155 1000002378
2156 1000006416
2157 1000010651
2158 1000002591
2159 1000010924
2160 1000005970
2161 1000002629
2162 1000001256
2163 1000003789
2164 1000020411
2165 1000004092
2166 1000001737
2167 1000003699
2168 1000015504
2169 1000017993
2170 1000019440
2171 1000006378
2172 1000014726
2173 1000008812
2174 1000010037
2175 1000010544
2176 1000014274
2177 1000019094
2178 1000018113
2179 1000013150
2180 1000006841
2181 1000019556
2182 1000011454
2183 1000010005
2184 1000012304
2185 1000007359
2186 1000002177
2187 1000000563
2188 1000016266
2189 1000003968
2190 1000002273
2191 1000004030
2192 1000014044
2193 1000004384
2194 1000014094
2195 1000002389
2196 1000002229
2197 1000017832
2198 1000016498
2199 1000015726
2200 1000006843
2201 1000013190
2202 1000005322
2203 1000008476
2204 1000004137
2205 1000012497
2206 1000014510
2207 1000012428
2208 1000020315
2209 1000014079
2210 1000015006
2211 1000012985
2212 1000005621
2213 1000020765
2214 1000015832
2215 1000002266
2216 1000011642
2217 1000001591
2218 1000003305
2219 1000003424
2220 1000008891
2221 1000004530
2222 1000022409
2223 1000018124
2224 1000000508
2225 1000015428
2226 1000016742
2227 1000019212
2228 1000007351
2229 1000018977
2230 1000004390
2231 1000015358
2232 1000014431
2233 1000002655
2234 1000018875
2235 1000016542
2236 1000017828
2237 1000005599
2238 1000000461
2239 1000005407
2240 1000015036
2241 1000013666
2242 1000017957
2243 1000003641
2244 1000011347
2245 1000013554
2246 1000006740
2247 1000014235
2248 1000016744
2249 1000007110
2250 1000005288
2251 1000003992
2252 1000002289
2253 1000010540
2254 1000006450
2255 1000005682
2256 1000016635
2257 1000003456
2258 1000003301
2259 1000022247
2260 1000006591
2261 1000005978
2262 1000004486
2263 1000002968
2264 1000016587
2265 1000018640
2266 1000005778
2267 1000014972
2268 1000010015
2269 1000003359
2270 1000000536
2271 1000017063
2272 1000006460
2273 1000005698
2274 1000011007
2275 1000016166
2276 1000008132
2277 1000005627
2278 1000012849
2279 1000010865
2280 1000003596
2281 1000016678
2282 1000013453
2283 1000000295
2284 1000015409
2285 1000022389
2286 1000012997
2287 1000017933
2288 1000011947
2289 1000016364
2290 1000001914
2291 1000017887
2292 1000002880
2293 1000005746
2294 1000014631
2295 1000013021
2296 1000016621
2297 1000014294
2298 1000015545
2299 1000006972
2300 1000005734
2301 1000016391
2302 1000005992
2303 1000010675
2304 1000008070
2305 1000018172
2306 1000003328
2307 1000016740
2308 1000005926
2309 1000003839
2310 1000002431
2311 1000002264
2312 1000006923
2313 1000003322
2314 1000006990
2315 1000000368
2316 1000012293
2317 1000010956
2318 1000015586
2319 1000015942
2320 1000004482
2321 1000016978
2322 1000016149
2323 1000002890
2324 1000014790
2325 1000005836
2326 1000019249
2327 1000012421
2328 1000016353
2329 1000000468
2330 1000002166
2331 1000018608
2332 1000004301
2333 1000009281
2334 1000015460
2335 1000005467
2336 1000005633
2337 1000004377
2338 1000019863
2339 1000014835
2340 1000014970
2341 1000018790
2342 1000018368
2343 1000002393
2344 1000004061
2345 1000001288
2346 1000002544
2347 1000012391
2348 1000010098
2349 1000000349
2350 1000010549
2351 1000016224
2352 1000014816
2353 1000010631
2354 1000003023
2355 1000018879
2356 1000004171
2357 1000011464
2358 1000002025
2359 1000007223
2360 1000018451
2361 1000005864
2362 1000015792
2363 1000003313
2364 1000008662
2365 1000010803
2366 1000016402
2367 1000019018
2368 1000001531
2369 1000018897
2370 1000019054
2371 1000003728
2372 1000009291
2373 1000019861
2374 1000005846
2375 1000002490
2376 1000022205
2377 1000003236
2378 1000010696
2379 1000010619
2380 1000011915
2381 1000005998
2382 1000003587
2383 1000008795
2384 1000005545
2385 1000013396
2386 1000006412
2387 1000010057
2388 1000012546
2389 1000000487
2390 1000015338
2391 1000014938
2392 1000018045
2393 1000010702
2394 1000015286
2395 1000012829
2396 1000015668
2397 1000016444
2398 1000003013
2399 1000013256
2400 1000004024
2401 1000006481
2402 1000013394
2403 1000007762
2404 1000000372
2405 1000010849
2406 1000003033
2407 1000008889
2408 1000003949
2409 1000014518
2410 1000004021
2411 1000008937
2412 1000017306
2413 1000012238
2414 1000012387
2415 1000019235
2416 1000015105
2417 1000009559
2418 1000016371
2419 1000018577
2420 1000014377
2421 1000001960
2422 1000017767
2423 1000012262
2424 1000018916
2425 1000005623
2426 1000007090
2427 1000006898
2428 1000015660
2429 1000002285
2430 1000014942
2431 1000014194
2432 1000002492
2433 1000012340
2434 1000005552
2435 1000018579
2436 1000017866
2437 1000000849
2438 1000014539
2439 1000012430
2440 1000016726
2441 1000019856
2442 1000017633
2443 1000000457
2444 1000000757
2445 1000020462
2446 1000006722
2447 1000016446
2448 1000000795
2449 1000002312
2450 1000000607
2451 1000015748
2452 1000002995
2453 1000008757
2454 1000018107
2455 1000014139
2456 1000009954
2457 1000013329
2458 1000013740
2459 1000019736
2460 1000008883
2461 1000004219
2462 1000018638
2463 1000002014
2464 1000001172
2465 1000012847
2466 1000012825
2467 1000003349
2468 1000009583
2469 1000007414
2470 1000002248
2471 1000008401
2472 1000007403
2473 1000017713
2474 1000007306
2475 1000004490
2476 1000009671
2477 1000000401
2478 1000018064
2479 1000014449
2480 1000018503
2481 1000016280
2482 1000000366
2483 1000015256
2484 1000010568
2485 1000010665
2486 1000018659
2487 1000019090
2488 1000018728
2489 1000015146
2490 1000019178
2491 1000013237
2492 1000003793
2493 1000018501
2494 1000012399
2495 1000008954
2496 1000008381
2497 1000001888
2498 1000014465
2499 1000018288
2500 1000016750
2501 1000002144
2502 1000010451
2503 1000001958
2504 1000009577
2505 1000005477
2506 1000004225
2507 1000003815
2508 1000003841
2509 1000001898
2510 1000003027
2511 1000011000
2512 1000002830
2513 1000017816
2514 1000015670
2515 1000010763
2516 1000019182
2517 1000017725
2518 1000003427
2519 1000018437
2520 1000002045
2521 1000006386
2522 1000002468
2523 1000010473
2524 1000004474
2525 1000005658
2526 1000016422
2527 1000014425
2528 1000012673
2529 1000003751
2530 1000012283
2531 1000014911
2532 1000002640
2533 1000003003
2534 1000019518
2535 1000018571
2536 1000018017
2537 1000005603
2538 1000017963
2539 1000002790
2540 1000006505
2541 1000002608
2542 1000001381
2543 1000003578
2544 1000002997
2545 1000013868
2546 1000007251
2547 1000012853
2548 1000015081
2549 1000013480
2550 1000013254
2551 1000005668
2552 1000022457
2553 1000015834
2554 1000008927
2555 1000019875
2556 1000006406
2557 1000017842
2558 1000003443
2559 1000005794
2560 1000016518
2561 1000003429
2562 1000012577
2563 1000001292
2564 1000018487
2565 1000004536
2566 1000014996
2567 1000005810
2568 1000019552
2569 1000005497
2570 1000018376
2571 1000011420
2572 1000015804
2573 1000019748
2574 1000007600
2575 1000010787
2576 1000002105
2577 1000008601
2578 1000016627
2579 1000008134
2580 1000018769
2581 1000006909
2582 1000014557
2583 1000017802
2584 1000005332
2585 1000006685
2586 1000020725
2587 1000015474
2588 1000008987
2589 1000003275
2590 1000002824
2591 1000006513
2592 1000017193
2593 1000008533
2594 1000018583
2595 1000016018
2596 1000002407
2597 1000006728
2598 1000016428
2599 1000019045
2600 1000017065
2601 1000013550
2602 1000020713
2603 1000012941
2604 1000018336
2605 1000017503
2606 1000010950
2607 1000018093
2608 1000006736
2609 1000012356
2610 1000001721
2611 1000013099
2612 1000007023
2613 1000013437
2614 1000012643
2615 1000002688
2616 1000012817
2617 1000000561
2618 1000017014
2619 1000004161
2620 1000021448
2621 1000020737
2622 1000004257
2623 1000016476
2624 1000007748
2625 1000003550
2626 1000017201
2627 1000003315
2628 1000018679
2629 1000006318
2630 1000006798
2631 1000012405
2632 1000012249
2633 1000012616
2634 1000001515
2635 1000018029
2636 1000016400
2637 1000013408
2638 1000018964
2639 1000005940
2640 1000000818
2641 1000015761
2642 1000016540
2643 1000003988
2644 1000018443
2645 1000012271
2646 1000016383
2647 1000020808
2648 1000007401
2649 1000013412
2650 1000006149
2651 1000002474
2652 1000008960
2653 1000009132
2654 1000007902
2655 1000003439
2656 1000012245
2657 1000016350
2658 1000019214
2659 1000000799
2660 1000010922
2661 1000019901
2662 1000008749
2663 1000002051
2664 1000012064
2665 1000020735
2666 1000013660
2667 1000011981
2668 1000014231
2669 1000002435
2670 1000017769
2671 1000006052
2672 1000016228
2673 1000012898
2674 1000000411
2675 1000012973
2676 1000009889
2677 1000005692
2678 1000017804
2679 1000014579
2680 1000005422
2681 1000004420
2682 1000005972
2683 1000007063
2684 1000004167
2685 1000014861
2686 1000011675
2687 1000016119
2688 1000015720
2689 1000013324
2690 1000010172
2691 1000017438
2692 1000007578
2693 1000018953
2694 1000014379
2695 1000002522
2696 1000005562
2697 1000014541
2698 1000019146
2699 1000004442
2700 1000016264
2701 1000000532
2702 1000012931
2703 1000000654
2704 1000016516
2705 1000018740
2706 1000018350
2707 1000015664
2708 1000001964
2709 1000016478
2710 1000018199
2711 1000008656
2712 1000015549
2713 1000005635
2714 1000008405
2715 1000008082
2716 1000006792
2717 1000012420
2718 1000003763
2719 1000002884
2720 1000015674
2721 1000022421
2722 1000011367
2723 1000014098
2724 1000015824
2725 1000004488
2726 1000016250
2727 1000012936
2728 1000001767
2729 1000009987
2730 1000013273
2731 1000002832
2732 1000004002
2733 1000012567
2734 1000008579
2735 1000001991
2736 1000005590
2737 1000014635
2738 1000020747
2739 1000018979
2740 1000002593
2741 1000002356
2742 1000018519
2743 1000006477
2744 1000017897
2745 1000022312
2746 1000010730
2747 1000016736
2748 1000001436
2749 1000017210
2750 1000022385
2751 1000015074
2752 1000016226
2753 1000012505
2754 1000008105
2755 1000007914
2756 1000020810
2757 1000003240
2758 1000013258
2759 1000013137
2760 1000022429
2761 1000000753
2762 1000014974
2763 1000001761
2764 1000012219
2765 1000003716
2766 1000016538
2767 1000016334
2768 1000007357
2769 1000005738
2770 1000011391
2771 1000016666
2772 1000017927
2773 1000009918
2774 1000000622
2775 1000020409
2776 1000013830
2777 1000003580
2778 1000002018
2779 1000015350
2780 1000002225
2781 1000020291
2782 1000006348
2783 1000005465
2784 1000010700
2785 1000006380
2786 1000006849
2787 1000016101
2788 1000014641
2789 1000014002
2790 1000013163
2791 1000002109
2792 1000019386
2793 1000006200
2794 1000003765
2795 1000005660
2796 1000002576
2797 1000006042
2798 1000014520
2799 1000005434
2800 1000015354
2801 1000022195
2802 1000005525
2803 1000014406
2804 1000004325
2805 1000013524
2806 1000017336
2807 1000000351
2808 1000014826
2809 1000005637
2810 1000019588
2811 1000012039
2812 1000009058
2813 1000010145
2814 1000013089
2815 1000014728
2816 1000001240
2817 1000019359
2818 1000000418
2819 1000012342
2820 1000012591
2821 1000010412
2822 1000004022
2823 1000017965
2824 1000020711
2825 1000007449
2826 1000018489
2827 1000019616
2828 1000010404
2829 1000020297
2830 1000005448
2831 1000018594
2832 1000011456
2833 1000008947
2834 1000015902
2835 1000000420
2836 1000018940
2837 1000001993
2838 1000010033
2839 1000012837
2840 1000008949
2841 1000003037
2842 1000016629
2843 1000009962
2844 1000001280
2845 1000017452
2846 1000002047
2847 1000010720
2848 1000013591
2849 1000007318
2850 1000018881
2851 1000014555
2852 1000012436
2853 1000006360
2854 1000001406
2855 1000018192
2856 1000016984
2857 1000006400
2858 1000010469
2859 1000015301
2860 1000016375
2861 1000002413
2862 1000003655
2863 1000007324
2864 1000003664
2865 1000017967
2866 1000016462
2867 1000004465
2868 1000002123
2869 1000007107
2870 1000013842
2871 1000012334
2872 1000002864
2873 1000002299
2874 1000017979
2875 1000016504
2876 1000000715
2877 1000018628
2878 1000000593
2879 1000004192
2880 1000013447
2881 1000004359
2882 1000001995
2883 1000003999
2884 1000010542
2885 1000009991
2886 1000006534
2887 1000010011
2888 1000014798
2889 1000001934
2890 1000006243
2891 1000018901
2892 1000003454
2893 1000018854
2894 1000018592
2895 1000022319
2896 1000012589
2897 1000022207
2898 1000018354
2899 1000007547
2900 1000005790
2901 1000002470
2902 1000000569
2903 1000002421
2904 1000003863
2905 1000012314
2906 1000018590
2907 1000018237
2908 1000022229
2909 1000014516
2910 1000017742
2911 1000007122
2912 1000018934
2913 1000016168
2914 1000013267
2915 1000004367
2916 1000014532
2917 1000016278
2918 1000017806
2919 1000008049
2920 1000015750
2921 1000022487
2922 1000010467
2923 1000014065
2924 1000013976
2925 1000018256
2926 1000004088
2927 1000012186
2928 1000003662
2929 1000008848
2930 1000018323
2931 1000015462
2932 1000003791
2933 1000019369
2934 1000001880
2935 1000000671
2936 1000017895
2937 1000013772
2938 1000019140
2939 1000004650
2940 1000016710
2941 1000002999
2942 1000018174
2943 1000005968
2944 1000018800
2945 1000018634
2946 1000020309
2947 1000004436
2948 1000018360
2949 1000014600
2950 1000016256
2951 1000001903
2952 1000012041
2953 1000010084
2954 1000012117
2955 1000017364
2956 1000006738
2957 1000022225
2958 1000017203
2959 1000003647
2960 1000015217
2961 1000010410
2962 1000017857
2963 1000016524
2964 1000018556
2965 1000007916
2966 1000005852
2967 1000006312
2968 1000014922
2969 1000004382
2970 1000015746
2971 1000006396
2972 1000015523
2973 1000002737
2974 1000006014
2975 1000006162
2976 1000011524
2977 1000008887
2978 1000018056
2979 1000001894
2980 1000018936
2981 1000009944
2982 1000014012
2983 1000002217
2984 1000010780
2985 1000004251
2986 1000002049
2987 1000009376
2988 1000007772
2989 1000017661
2990 1000010874
2991 1000015008
2992 1000002878
2993 1000005594
2994 1000009642
2995 1000017697
2996 1000008045
2997 1000017913
2998 1000004151
2999 1000018195
3000 1000012299
3001 1000008741
3002 1000012234
3003 1000002350
3004 1000009045
3005 1000016105
3006 1000011371
3007 1000019979
3008 1000004164
3009 1000007764
3010 1000012552
3011 1000001305
3012 1000009581
3013 1000015481
3014 1000015150
3015 1000015692
3016 1000003397
3017 1000014780
3018 1000005988
3019 1000006734
3020 1000005334
3021 1000016077
3022 1000002805
3023 1000007083
3024 1000016752
3025 1000018758
3026 1000015452
3027 1000009659
3028 1000008058
3029 1000003957
3030 1000018632
3031 1000011756
3032 1000004394
3033 1000001932
3034 1000014259
3035 1000000518
3036 1000008425
3037 1000015311
3038 1000006813
3039 1000005756
3040 1000018622
3041 1000017468
3042 1000018328
3043 1000016172
3044 1000012385
3045 1000002016
3046 1000014188
3047 1000018362
3048 1000012821
3049 1000014657
3050 1000002369
3051 1000000887
3052 1000016406
3053 1000017392
3054 1000005313
3055 1000016286
3056 1000015064
3057 1000016908
3058 1000000297
3059 1000015914
3060 1000008528
3061 1000014566
3062 1000007441
3063 1000015678
3064 1000011012
3065 1000005768
3066 1000011744
3067 1000011893
3068 1000012418
3069 1000012867
3070 1000003682
3071 1000019504
3072 1000000291
3073 1000000874
3074 1000014639
3075 1000019079
3076 1000008539
3077 1000019209
3078 1000010963
3079 1000018122
3080 1000020429
3081 1000009628
3082 1000011900
3083 1000016107
3084 1000019102
3085 1000020821
3086 1000017551
3087 1000005527
3088 1000005284
3089 1000015732
3090 1000014351
3091 1000015325
3092 1000016728
3093 1000017358
3094 1000002826
3095 1000005766
3096 1000015884
3097 1000003332
3098 1000000816
3099 1000015736
3100 1000014036
3101 1000007437
3102 1000018794
3103 1000011596
3104 1000016397
3105 1000018507
3106 1000017949
3107 1000019869
3108 1000013174
3109 1000002561
3110 1000006390
3111 1000017683
3112 1000011646
3113 1000005844
3114 1000002699
3115 1000012379
3116 1000017870
3117 1000015076
3118 1000016688
3119 1000016686
3120 1000017880
3121 1000004343
3122 1000022393
3123 1000015728
3124 1000001741
3125 1000016945
3126 1000020860
3127 1000022518
3128 1000013005
3129 1000015828
3130 1000007164
3131 1000008619
3132 1000009640
3133 1000010878
3134 1000006635
3135 1000002310
3136 1000007926
3137 1000015215
3138 1000011487
3139 1000001296
3140 1000005436
3141 1000010844
3142 1000015161
3143 1000013882
3144 1000012228
3145 1000006621
3146 1000001286
3147 1000012612
3148 1000019530
3149 1000008051
3150 1000016362
3151 1000000822
3152 1000017872
3153 1000003021
3154 1000000574
3155 1000012326
3156 1000010143
3157 1000016448
3158 1000001886
3159 1000022387
3160 1000003007
3161 1000018515
3162 1000011804
3163 1000014926
3164 1000002322
3165 1000002586
3166 1000013264
3167 1000009983
3168 1000002223
3169 1000019991
3170 1000002802
3171 1000019486
3172 1000011754
3173 1000002496
3174 1000014651
3175 1000018009
3176 1000013377
3177 1000018677
3178 1000018671
3179 1000016589
3180 1000002433
3181 1000010022
3182 1000015155
3183 1000010759
3184 1000002617
3185 1000016789
3186 1000014167
3187 1000005704
3188 1000019488
3189 1000013362
3190 1000003806
3191 1000003637
3192 1000014812
3193 1000012641
3194 1000015547
3195 1000003653
3196 1000011355
3197 1000009956
3198 1000008793
3199 1000009407
3200 1000017699
3201 1000008985
3202 1000002043
3203 1000005948
3204 1000020407
3205 1000016302
3206 1000014192
3207 1000005631
3208 1000005438
3209 1000014495
3210 1000000685
3211 1000007768
3212 1000016716
3213 1000014947
3214 1000013040
3215 1000014800
3216 1000016123
3217 1000013697
3218 1000020769
3219 1000004145
3220 1000005900
3221 1000002449
3222 1000014120
3223 1000015605
3224 1000002419
3225 1000020829
3226 1000016492
3227 1000005824
3228 1000006356
3229 1000000724
3230 1000015121
3231 1000013011
3232 1000014978
3233 1000020425
3234 1000003462
3235 1000018945
3236 1000007320
3237 1000014478
3238 1000017133
3239 1000018404
3240 1000006202
3241 1000012544
3242 1000003668
3243 1000019259
3244 1000004469
3245 1000019512
3246 1000014736
3247 1000018792
3248 1000009968
3249 1000020689
3250 1000007178
3251 1000017396
3252 1000020835
3253 1000005647
3254 1000012383
3255 1000006429
3256 1000006623
3257 1000021806
3258 1000016940
3259 1000005619
3260 1000018873
3261 1000018606
3262 1000000501
3263 1000015208
3264 1000019123
3265 1000018888
3266 1000015686
3267 1000010162
3268 1000007888
3269 1000015250
3270 1000008387
3271 1000015740
3272 1000014381
3273 1000003973
3274 1000017557
3275 1000022510
3276 1000014577
3277 1000011004
3278 1000003989
3279 1000000480
3280 1000016963
3281 1000016902
3282 1000012109
3283 1000015535
3284 1000020275
3285 1000016182
3286 1000005412
3287 1000017775
3288 1000008678
3289 1000015476
3290 1000019134
3291 1000006372
3292 1000011379
3293 1000004105
3294 1000003345
3295 1000020648
3296 1000020867
3297 1000018701
3298 1000015085
3299 1000013327
3300 1000014549
3301 1000014493
3302 1000014804
3303 1000019580
3304 1000017008
3305 1000012371
3306 1000015464
3307 1000005294
3308 1000019028
3309 1000020337
3310 1000000489
3311 1000011450
3312 1000016992
3313 1000019138
3314 1000018158
3315 1000003409
3316 1000017669
3317 1000013167
3318 1000008975
3319 1000021458
3320 1000019492
3321 1000016625
3322 1000014914
3323 1000002749
3324 1000006206
3325 1000005374
3326 1000002713
3327 1000003307
3328 1000011409
3329 1000001141
3330 1000016472
3331 1000016562
3332 1000018085
3333 1000014034
3334 1000003011
3335 1000003980
3336 1000002512
3337 1000017818
3338 1000009049
3339 1000014547
3340 1000006770
3341 1000002652
3342 1000001954
3343 1000016282
3344 1000016514
3345 1000015846
3346 1000002021
3347 1000005324
3348 1000015079
3349 1000011971
3350 1000019160
3351 1000017939
3352 1000015034
3353 1000010754
3354 1000016773
3355 1000013561
3356 1000017977
3357 1000015890
3358 1000006921
3359 1000019635
3360 1000019198
3361 1000008064
3362 1000012503
3363 1000004356
3364 1000014992
3365 1000001395
3366 1000016174
3367 1000014594
3368 1000011407
3369 1000014883
3370 1000014690
3371 1000000245
3372 1000021808
3373 1000000300
3374 1000006452
3375 1000017893
3376 1000015533
3377 1000002451
3378 1000014934
3379 1000010031
3380 1000003420
3381 1000014712
3382 1000017783
3383 1000020841
3384 1000009579
3385 1000015142
3386 1000009644
3387 1000012111
3388 1000002627
3389 1000017905
3390 1000006503
3391 1000015369
3392 1000006578
3393 1000017759
3394 1000006714
3395 1000000524
3396 1000011035
3397 1000001943
3398 1000014694
3399 1000002031
3400 1000015551
3401 1000006817
3402 1000005950
3403 1000002874
3404 1000005344
3405 1000017719
3406 1000017955
3407 1000003635
3408 1000006833
3409 1000013400
3410 1000018650
3411 1000006700
3412 1000002037
3413 1000018308
3414 1000017591
3415 1000018861
3416 1000007150
3417 1000018985
3418 1000002427
3419 1000014313
3420 1000005904
3421 1000015068
3422 1000010930
3423 1000013649
3424 1000005292
3425 1000014859
3426 1000014752
3427 1000002277
3428 1000018699
3429 1000015198
3430 1000009557
3431 1000004309
3432 1000010624
3433 1000003680
3434 1000015514
3435 1000017491
3436 1000013353
3437 1000010182
3438 1000015157
3439 1000016914
3440 1000002741
3441 1000001892
3442 1000000483
3443 1000014175
3444 1000001912
3445 1000008896
3446 1000003666
3447 1000005625
3448 1000016536
3449 1000003297
3450 1000012451
3451 1000005481
3452 1000016976
3453 1000000499
3454 1000016734
3455 1000005680
3456 1000009001
3457 1000013308
3458 1000018144
3459 1000017612
3460 1000019981
3461 1000018614
3462 1000003985
3463 1000013858
3464 1000006825
3465 1000010876
3466 1000020357
3467 1000014177
3468 1000007429
3469 1000015244
3470 1000021798
3471 1000017790
3472 1000014710
3473 1000018767
3474 1000009985
3475 1000020423
3476 1000015383
3477 1000008062
3478 1000015220
3479 1000016974
3480 1000006208
3481 1000016387
3482 1000002466
3483 1000005868
3484 1000017107
3485 1000022454
3486 1000020695
3487 1000001505
3488 1000015248
3489 1000015224
3490 1000017577
3491 1000002993
3492 1000011715
3493 1000014087
3494 1000017909
3495 1000020488
3496 1000006532
3497 1000009634
3498 1000017862
3499 1000014706
3500 1000002344
3501 1000000595
3502 1000020117
3503 1000008808
3504 1000012153
3505 1000008060
3506 1000019647
3507 1000015182
3508 1000014179
3509 1000004379
3510 1000004339
3511 1000010186
3512 1000012884
3513 1000019629
3514 1000004353
3515 1000009964
3516 1000017187
3517 1000018380
3518 1000012819
3519 1000003885
3520 1000011959
3521 1000012587
3522 1000002711
3523 1000006493
3524 1000017456
3525 1000005366
3526 1000013946
3527 1000018828
3528 1000015812
3529 1000015211
3530 1000003005
3531 1000011598
3532 1000019016
3533 1000011849
3534 1000003877
3535 1000010013
3536 1000004159
3537 1000003608
3538 1000017983
3539 1000002403
3540 1000008541
3541 1000006054
3542 1000017808
3543 1000006629
3544 1000002574
3545 1000016308
3546 1000012457
3547 1000011734
3548 1000004210
3549 1000006815
3550 1000013066
3551 1000006753
3552 1000014889
3553 1000016996
3554 1000009056
3555 1000014545
3556 1000001412
3557 1000014145
3558 1000002039
3559 1000015872
3560 1000011030
3561 1000015232
3562 1000004422
3563 1000013306
3564 1000015894
3565 1000006526
3566 1000014920
3567 1000010887
3568 1000016482
3569 1000013379
3570 1000005862
3571 1000015857
3572 1000020733
3573 1000007439
3574 1000018435
3575 1000002175
3576 1000005547
3577 1000018031
3578 1000015381
3579 1000018160
3580 1000011014
3581 1000008912
3582 1000013243
3583 1000006786
3584 1000002330
3585 1000009972
3586 1000017422
3587 1000013001
3588 1000017565
3589 1000013224
3590 1000017951
3591 1000014296
3592 1000018652
3593 1000000512
3594 1000018126
3595 1000001981
3596 1000014163
3597 1000015822
3598 1000015588
3599 1000003643
3600 1000019008
3601 1000014056
3602 1000016314
3603 1000019332
3604 1000011357
3605 1000005460
3606 1000016611
3607 1000017037
3608 1000013462
3609 1000005952
3610 1000019448
3611 1000017665
3612 1000014369
3613 1000002314
3614 1000013291
3615 1000012869
3616 1000017509
3617 1000002346
3618 1000008991
3619 1000020853
3620 1000003817
3621 1000003947
3622 1000009606
3623 1000015264
3624 1000013404
3625 1000012573
3626 1000005898
3627 1000005650
3628 1000000447
3629 1000016369
3630 1000000289
3631 1000003724
3632 1000008838
3633 1000007418
3634 1000005906
3635 1000004448
3636 1000016346
3637 1000011817
3638 1000007096
3639 1000000704
3640 1000006671
3641 1000007152
3642 1000004177
3643 1000014141
3644 1000011353
3645 1000013347
3646 1000003726
3647 1000000445
3648 1000013046
3649 1000018185
3650 1000013093
3651 1000017947
3652 1000018035
3653 1000014784
3654 1000013312
3655 1000016847
3656 1000017404
3657 1000009388
3658 1000006462
3659 1000004097
3660 1000022215
3661 1000000426
3662 1000010969
3663 1000001884
3664 1000020111
3665 1000003697
3666 1000016095
3667 1000005558
3668 1000003784
3669 1000007698
3670 1000015752
3671 1000010882
3672 1000000630
3673 1000017191
3674 1000005517
3675 1000014524
3676 1000008862
3677 1000014873
3678 1000017444
3679 1000006394
3680 1000017765
3681 1000005629
3682 1000003604
3683 1000002401
3684 1000018445
3685 1000000282
3686 1000007098
3687 1000001277
3688 1000005672
3689 1000018087
3690 1000018015
3691 1000010939
3692 1000017024
3693 1000016754
3694 1000019526
3695 1000017362
3696 1000006255
3697 1000002445
3698 1000019203
3699 1000010447
3700 1000014877
3701 1000014333
3702 1000019409
3703 1000014581
3704 1000016633
3705 1000015836
3706 1000017777
3707 1000010593
3708 1000019433
3709 1000016506
3710 1000007126
3711 1000003019
3712 1000018118
3713 1000010134
3714 1000002179
3715 1000000357
3716 1000013304
3717 1000000664
3718 1000001275
3719 1000018326
3720 1000012346
3721 1000004682
3722 1000016988
3723 1000003919
3724 1000018718
3725 1000017212
3726 1000006310
3727 1000000739
3728 1000012037
3729 1000013826
3730 1000006811
3731 1000019655
3732 1000012522
3733 1000012350
3734 1000017731
3735 1000000647
3736 1000014621
3737 1000005617
3738 1000007112
3739 1000014786
3740 1000004417
3741 1000018857
3742 1000007918
3743 1000010418
3744 1000012195
3745 1000003657
3746 1000000587
3747 1000015531
3748 1000022252
3749 1000014732
3750 1000006308
3751 1000000566
3752 1000007809
3753 1000002235
3754 1000005430
3755 1000012665
3756 1000012395
3757 1000009287
3758 1000009102
3759 1000003618
3760 1000017991
3761 1000006698
3762 1000015148
3763 1000010812
3764 1000016595
3765 1000000459
3766 1000017573
3767 1000010459
3768 1000012875
3769 1000019365
3770 1000014254
3771 1000019444
3772 1000015436
3773 1000020137
3774 1000013732
3775 1000019964
3776 1000015180
3777 1000009314
3778 1000015044
3779 1000002227
3780 1000009934
3781 1000004259
3782 1000017555
3783 1000000538
3784 1000021452
3785 1000000555
3786 1000014501
3787 1000018859
3788 1000019058
3789 1000018140
3790 1000017432
3791 1000005816
3792 1000009948
3793 1000002111
3794 1000018848
3795 1000003875
3796 1000006511
3797 1000006696
3798 1000017495
3799 1000014427
3800 1000018413
3801 1000011586
3802 1000012275
3803 1000018665
3804 1000000277
3805 1000019047
3806 1000006185
3807 1000015101
3808 1000011872
3809 1000019671
3810 1000018960
3811 1000011395
3812 1000003678
3813 1000013870
3814 1000003491
3815 1000014794
3816 1000005946
3817 1000015391
3818 1000003584
3819 1000005307
3820 1000002354
3821 1000019174
3822 1000019768
3823 1000015568
3824 1000000876
3825 1000019474
3826 1000003484
3827 1000012663
3828 1000002287
3829 1000014300
3830 1000022203
3831 1000015916
3832 1000011742
3833 1000003737
3834 1000005688
3835 1000022452
3836 1000017093
3837 1000018712
3838 1000006473
3839 1000018370
3840 1000003808
3841 1000003707
3842 1000006514
3843 1000015344
3844 1000011684
3845 1000006028
3846 1000012833
3847 1000002103
3848 1000005980
3849 1000012066
3850 1000004440
3851 1000007342
3852 1000022353
3853 1000012789
3854 1000015138
3855 1000001503
3856 1000008834
3857 1000017846
3858 1000016605
3859 1000018219
3860 1000008670
3861 1000012515
3862 1000017723
3863 1000016204
3864 1000011686
3865 1000016593
3866 1000019063
3867 1000010621
3868 1000003334
3869 1000014499
3870 1000019565
3871 1000001182
3872 1000002352
3873 1000004337
3874 1000018695
3875 1000016986
3876 1000006611
3877 1000018620
3878 1000002462
3879 1000006702
3880 1000000966
3881 1000018041
3882 1000020427
3883 1000010042
3884 1000019514
3885 1000019172
3886 1000010102
3887 1000016639
3888 1000005670
3889 1000010926
3890 1000006551
3891 1000017693
3892 1000012320
3893 1000017929
3894 1000017472
3895 1000013031
3896 1000010655
3897 1000007580
3898 1000015771
3899 1000000717
3900 1000018808
3901 1000000528
3902 1000012410
3903 1000015527
3904 1000013850
3905 1000015144
3906 1000019032
3907 1000003631
3908 1000011588
3909 1000004646
3910 1000006589
3911 1000009589
3912 1000019446
3913 1000012058
3914 1000006198
3915 1000014666
3916 1000002500
3917 1000012569
3918 1000019456
3919 1000012373
3920 1000018663
3921 1000000273
3922 1000015516
3923 1000004236
3924 1000009126
3925 1000020823
3926 1000007001
3927 1000017619
3928 1000017308
3929 1000016641
3930 1000018697
3931 1000010017
3932 1000015537
3933 1000018910
3934 1000002213
3935 1000018877
3936 1000016970
3937 1000015570
3938 1000012439
3939 1000014988
3940 1000019049
3941 1000007898
3942 1000018624
3943 1000017177
3944 1000010643
3945 1000020723
3946 1000007291
3947 1000018227
3948 1000002206
3949 1000017420
3950 1000015190
3951 1000010816
3952 1000015510
3953 1000003633
3954 1000000683
3955 1000011590
3956 1000014788
3957 1000017482
3958 1000003391
3959 1000008092
3960 1000017476
3961 1000018439
3962 1000015688
3963 1000013385
3964 1000011829
3965 1000015213
3966 1000010972
3967 1000007560
3968 1000020796
3969 1000000293
3970 1000016684
3971 1000015200
3972 1000014820
3973 1000015228
3974 1000005570
3975 1000019885
3976 1000017480
3977 1000015032
3978 1000018644
3979 1000018804
3980 1000008556
3981 1000015786
3982 1000017643
3983 1000018211
3984 1000004432
3985 1000005914
3986 1000020727
3987 1000002429
3988 1000007754
3989 1000003293
3990 1000015788
3991 1000016454
3992 1000010059
3993 1000016488
3994 1000004452
3995 1000016623
3996 1000006423
3997 1000018314
3998 1000006374
3999 1000018485
4000 1000005348
4001 1000014698
4002 1000020767
4003 1000011883
4004 1000017442
4005 1000009368
4006 1000001415
4007 1000019413
4008 1000000869
4009 1000014679
4010 1000016918
4011 1000014718
4012 1000008537
4013 1000011522
4014 1000012963
4015 1000015580
4016 1000006968
4017 1000016238
4018 1000007758
4019 1000015119
4020 1000016366
4021 1000018893
4022 1000003498
4023 1000002254
4024 1000016340
4025 1000012139
4026 1000002814
4027 1000013866
4028 1000016655
4029 1000011644
4030 1000000751
4031 1000006489
4032 1000019764
4033 1000012595
4034 1000000857
4035 1000007174
4036 1000019295
4037 1000016637
4038 1000016155
4039 1000011855
4040 1000002633
4041 1000006346
4042 1000016951
4043 1000018213
4044 1000015242
4045 1000009663
4046 1000000510
4047 1000015087
4048 1000007255
4049 1000002115
4050 1000015840
4051 1000016424
4052 1000000679
4053 1000018467
4054 1000016767
4055 1000018142
4056 1000017583
4057 1000019184
4058 1000000495
4059 1000010983
4060 1000009372
4061 1000006582
4062 1000017344
4063 1000013216
4064 1000014343
4065 1000001949
4066 1000003843
4067 1000005387
4068 1000004232
4069 1000005812
4070 1000015722
4071 1000000769
4072 1000002233
4073 1000012919
4074 1000017563
4075 1000011877
4076 1000012813
4077 1000014615
4078 1000012624
4079 1000015346
4080 1000002983
4081 1000006553
4082 1000019548
4083 1000010761
4084 1000015222
4085 1000020675
4086 1000016928
4087 1000011979
4088 1000012938
4089 1000018099
4090 1000014169
4091 1000005362
4092 1000002318
4093 1000015168
4094 1000012845
4095 1000007211
4096 1000016961
4097 1000018891
4098 1000016601
4099 1000005690
4100 1000018636
4101 1000016240
4102 1000003357
4103 1000012579
4104 1000006044
4105 1000012565
4106 1000007820
4107 1000018058
4108 1000017627
4109 1000022383
4110 1000002437
4111 1000004540
4112 1000006607
4113 1000017785
4114 1000000761
4115 1000003855
4116 1000010952
4117 1000019758
4118 1000012712
4119 1000002729
4120 1000018095
4121 1000008680
4122 1000011466
4123 1000012115
4124 1000013414
4125 1000018070
4126 1000009398
4127 1000006214
4128 1000000851
4129 1000017322
4130 1000016520
4131 1000018529
4132 1000009116
4133 1000021804
4134 1000005296
4135 1000003283
4136 1000010218
4137 1000020157
4138 1000018810
4139 1000016643
4140 1000019156
4141 1000000828
4142 1000013701
4143 1000007170
4144 1000017416
4145 1000005489
4146 1000018120
4147 1000019576
4148 1000016480
4149 1000002336
4150 1000007882
4151 1000017334
4152 1000020751
4153 1000014441
4154 1000013770
4155 1000019637
4156 1000008964
4157 1000000730
4158 1000012865
4159 1000016466
4160 1000008797
4161 1000019546
4162 1000018388
4163 1000002291
4164 1000015371
4165 1000007596
4166 1000018105
4167 1000013631
4168 1000015724
4169 1000010076
4170 1000014530
4171 1000018097
4172 1000002107
4173 1000000409
4174 1000014159
4175 1000018867
4176 1000017016
4177 1000000624
4178 1000012119
4179 1000011955
4180 1000003281
4181 1000016079
4182 1000018054
4183 1000007922
4184 1000000407
4185 1000020731
4186 1000017740
4187 1000016416
4188 1000000387
4189 1000008623
4190 1000014457
4191 1000020413
4192 1000018207
4193 1000015888
4194 1000010603
4195 1000012330
4196 1000017763
4197 1000016850
4198 1000003629
4199 1000014486
4200 1000009970
4201 1000016653
4202 1000016706
4203 1000019384
4204 1000007353
4205 1000005523
4206 1000016306
4207 1000018552
4208 1000006183
4209 1000012768
4210 1000018865
4211 1000014776
4212 1000010141
4213 1000006143
4214 1000011700
4215 1000018930
4216 1000020800
4217 1000018981
4218 1000001637
4219 1000000863
4220 1000001890
4221 1000020789
4222 1000002055
4223 1000022321
4224 1000002010
4225 1000013003
4226 1000014778
4227 1000013717
4228 1000012164
4229 1000015282
4230 1000018346
4231 1000017111
4232 1000002838
4233 1000010941
4234 1000020113
4235 1000017735
4236 1000018431
4237 1000012176
4238 1000012548
4239 1000006425
4240 1000013285
4241 1000008755
4242 1000022323
4243 1000018396
4244 1000007857
4245 1000016494
4246 1000020691
4247 1000011582
4248 1000003810
4249 1000006141
4250 1000008597
4251 1000003612
4252 1000018338
4253 1000013279
4254 1000012312
4255 1000000476
4256 1000012661
4257 1000005403
4258 1000006804
4259 1000017462
4260 1000017075
4261 1000016763
4262 1000006809
4263 1000013679
4264 1000007176
4265 1000015186
4266 1000016330
4267 1000018762
4268 1000015413
4269 1000017430
4270 1000008431
4271 1000010914
4272 1000018101
4273 1000018390
4274 1000016180
4275 1000018043
4276 1000017474
4277 1000016442
4278 1000017346
4279 1000011748
4280 1000012403
4281 1000018904
4282 1000018138
4283 1000006410
4284 1000012251
4285 1000016085
4286 1000013131
4287 1000014469
4288 1000016730
4289 1000017820
4290 1000013389
4291 1000016714
4292 1000015103
4293 1000005694
4294 1000017981
4295 1000015576
4296 1000017943
4297 1000011993
4298 1000009936
4299 1000006974
4300 1000018441
4301 1000017987
4302 1000017677
4303 1000012520
4304 1000008672
4305 1000007120
4306 1000013144
4307 1000003718
4308 1000008492
4309 1000018181
4310 1000013187
4311 1000011609
4312 1000008858
4313 1000001132
4314 1000016412
4315 1000006593
4316 1000005302
4317 1000005511
4318 1000017605
4319 1000003242
4320 1000012882
4321 1000018598
4322 1000007162
4323 1000019770
4324 1000013906
4325 1000020729
4326 1000017410
4327 1000017834
4328 1000008824
4329 1000019594
4330 1000012217
4331 1000007180
4332 1000018914
4333 1000019398
4334 1000006941
4335 1000020771
4336 1000005568
4337 1000013194
4338 1000018433
4339 1000005580
4340 1000002041
4341 1000014463
4342 1000001417
4343 1000017414
4344 1000008068
4345 1000008881
4346 1000012203
4347 1000017995
4348 1000003279
4349 1000012606
4350 1000018168
4351 1000007904
4352 1000017567
4353 1000013171
4354 1000003500
4355 1000005648
4356 1000012344
4357 1000016288
4358 1000006034
4359 1000017597
4360 1000010035
4361 1000006530
4362 1000019158
4363 1000004456
4364 1000008617
4365 1000016938
4366 1000001273
4367 1000002198
4368 1000006245
4369 1000005710
4370 1000011860
4371 1000002896
4372 1000012032
4373 1000001513
4374 1000010732
4375 1000017143
4376 1000016426
4377 1000021539
4378 1000018447
4379 1000016769
4380 1000012653
4381 1000019726
4382 1000006491
4383 1000006584
4384 1000013974
4385 1000004329
4386 1000015818
4387 1000017999
4388 1000004240
4389 1000021547
4390 1000022233
4391 1000016926
4392 1000017366
4393 1000019110
4394 1000006837
4395 1000016579
4396 1000002252
4397 1000009912
4398 1000011977
4399 1000014681
4400 1000000846
4401 1000008531
4402 1000003735
4403 1000013406
4404 1000006173
4405 1000017689
4406 1000007055
4407 1000011631
4408 1000015609
4409 1000003336
4410 1000001716
4411 1000003517
4412 1000015784
4413 1000006350
4414 1000017891
4415 1000008611
4416 1000018082
4417 1000018883
4418 1000013281
4419 1000018313
4420 1000020125
4421 1000007811
4422 1000009120
4423 1000003745
4424 1000002035
4425 1000012151
4426 1000020093
4427 1000019508
4428 1000001143
4429 1000003170
4430 1000000721
4431 1000017717
4432 1000015093
4433 1000016934
4434 1000005962
4435 1000004676
4436 1000005340
4437 1000009995
4438 1000013310
4439 1000002985
4440 1000017921
4441 1000018409
4442 1000013725
4443 1000020793
4444 1000010617
4445 1000014704
4446 1000000347
4447 1000019476
4448 1000013402
4449 1000016222
4450 1000017746
4451 1000012226
4452 1000012487
4453 1000017464
4454 1000013375
4455 1000011415
4456 1000019411
4457 1000020474
4458 1000012017
4459 1000001878
4460 1000005346
4461 1000018682
4462 1000004648
4463 1000008969
4464 1000003859
4465 1000015684
4466 1000014994
4467 1000003967
4468 1000016244
4469 1000013645
4470 1000018788
4471 1000013597
4472 1000011711
4473 1000007786
4474 1000020761
4475 1000013599
4476 1000012127
4477 1000016510
4478 1000017659
4479 1000002281
4480 1000013782
4481 1000002382
4482 1000014482
4483 1000016113
4484 1000012412
4485 1000017517
4486 1000011704
4487 1000018332
4488 1000004335
4489 1000020560
4490 1000019375
4491 1000000302
4492 1000015236
4493 1000007447
4494 1000015574
4495 1000006827
4496 1000022411
4497 1000005728
4498 1000012308
4499 1000015360
4500 1000013838
4501 1000018197
4502 1000006499
4503 1000002121
4504 1000003299
4505 1000019388
4506 1000016967
4507 1000011942
4508 1000007146
4509 1000017312
4510 1000001731
4511 1000016732
4512 1000000968
4513 1000018449
4514 1000018162
4515 1000008221
4516 1000018019
4517 1000000743
4518 1000013736
4519 1000003695
4520 1000019245
4521 1000015756
4522 1000019166
4523 1000019035
4524 1000005564
4525 1000022516
4526 1000012927
4527 1000013856
4528 1000016270
4529 1000015426
4530 1000019280
4531 1000017903
4532 1000018116
4533 1000007326
4534 1000003414
4535 1000006748
4536 1000016522
4537 1000012297
4538 1000018642
4539 1000010003
4540 1000005788
4541 1000018132
4542 1000013241
4543 1000004446
4544 1000006796
4545 1000003867
4546 1000015174
4547 1000006443
4548 1000005576
4549 1000003837
4550 1000015904
4551 1000010859
4552 1000006439
4553 1000013383
4554 1000000763
4555 1000004263
4556 1000006937
4557 1000012533
4558 1000002029
4559 1000019136
4560 1000007984
4561 1000003857
4562 1000012168
4563 1000004255
4564 1000005597
4565 1000004221
4566 1000009598
4567 1000006704
4568 1000018021
4569 1000012468
4570 1000004234
4571 1000005376
4572 1000013331
4573 1000020562
4574 1000006633
4575 1000000441
4576 1000015421
4577 1000019239
4578 1000003627
4579 1000018400
4580 1000017589
4581 1000007906
4582 1000010214
4583 1000020661
4584 1000009602
4585 1000004270
4586 1000009285
4587 1000004217
4588 1000004248
4589 1000013055
4590 1000018756
4591 1000022427
4592 1000017868
4593 1000017515
4594 1000006576
4595 1000003743
4596 1000019574
4597 1000016591
4598 1000016246
4599 1000013577
4600 1000016452
4601 1000012052
4602 1000017360
4603 1000000542
4604 1000013711
4605 1000005280
4606 1000004351
4607 1000006839
4608 1000015042
4609 1000015331
4610 1000000355
4611 1000020743
4612 1000016791
4613 1000000466
4614 1000006947
4615 1000007144
4616 1000019858
4617 1000016651
4618 1000018005
4619 1000019742
4620 1000016440
4621 1000018497
4622 1000001773
4623 1000001167
4624 1000016220
4625 1000016502
4626 1000002159
4627 1000003460
4628 1000006574
4629 1000019657
4630 1000013617
4631 1000020687
4632 1000017609
4633 1000013451
4634 1000016615
4635 1000014459
4636 1000004386
4637 1000014954
4638 1000007892
4639 1000006829
4640 1000002415
4641 1000016248
4642 1000019427
4643 1000012253
4644 1000001299
4645 1000000695
4646 1000013752
4647 1000007387
4648 1000000793
4649 1000014792
4650 1000015712
4651 1000015284
4652 1000014782
4653 1000004406
4654 1000018744
4655 1000017667
4656 1000019728
4657 1000015266
4658 1000012170
4659 1000016121
4660 1000003519
4661 1000002316
4662 1000014617
4663 1000006617
4664 1000006718
4665 1000010908
4666 1000019373
4667 1000016849
4668 1000018886
4669 1000017081
4670 1000011831
4671 1000009938
4672 1000020031
4673 1000001431
4674 1000002666
4675 1000006479
4676 1000021537
4677 1000020783
4678 1000000896
4679 1000000304
4680 1000008395
4681 1000011594
4682 1000006599
4683 1000019484
4684 1000011445
4685 1000003625
4686 1000016910
4687 1000014240
4688 1000013744
4689 1000005752
4690 1000008543
4691 1000009283
4692 1000013803
4693 1000000856
4694 1000013423
4695 1000010994
4696 1000002342
4697 1000000614
4698 1000019584
4699 1000004361
4700 1000012047
4701 1000010737
4702 1000019425
4703 1000013337
4704 1000016202
4705 1000019560
4706 1000012348
4707 1000002860
4708 1000003827
4709 1000011717
4710 1000015643
4711 1000015016
4712 1000018407
4713 1000017448
4714 1000003691
4715 1000000491
4716 1000002340
4717 1000015635
4718 1000008153
4719 1000019394
4720 1000015303
4721 1000007393
4722 1000006780
4723 1000020606
4724 1000019142
4725 1000013398
4726 1000002146
4727 1000019567
4728 1000015938
4729 1000007576
4730 1000015742
4731 1000017012
4732 1000000530
4733 1000011600
4734 1000017374
4735 1000013510
4736 1000015062
4737 1000005428
4738 1000002153
4739 1000016170
4740 1000007308
4741 1000007744
4742 1000015030
4743 1000019973
4744 1000013421
4745 1000000544
4746 1000018239
4747 1000020419
4748 1000002739
4749 1000007924
4750 1000011386
4751 1000017406
4752 1000001429
4753 1000016214
4754 1000003639
4755 1000002241
4756 1000010739
4757 1000014796
4758 1000018899
4759 1000004375
4760 1000003757
4761 1000005726
4762 1000011984
4763 1000004266
4764 1000006561
4765 1000002395
4766 1000019563
4767 1000018729
4768 1000002862
4769 1000012162
4770 1000010834
4771 1000020239
4772 1000011375
4773 1000010649
4774 1000004223
4775 1000005549
4776 1000013653
4777 1000019971
4778 1000003861
4779 1000011965
4780 1000016617
4781 1000017727
4782 1000012803
4783 1000018060
4784 1000003434
4785 1000016900
4786 1000010891
4787 1000005544
4788 1000019415
4789 1000016949
4790 1000017199
4791 1000007257
4792 1000011738
4793 1000013410
4794 1000012354
4795 1000016922
4796 1000015892
4797 1000017569
4798 1000011769
4799 1000001446
4800 1000012915
4801 1000003849
4802 1000020741
4803 1000010595
4804 1000009118
4805 1000019278
4806 1000014117
4807 1000017559
4808 1000010756
4809 1000020167
4810 1000015230
4811 1000011961
4812 1000002057
4813 1000015234
4814 1000020703
4815 1000015290
4816 1000019333
4817 1000010920
4818 1000019554
4819 1000011975
4820 1000003570
4821 1000012121
4822 1000018263
4823 1000005582
4824 1000013532
4825 1000012738
4826 1000001423
4827 1000002718
4828 1000011688
4829 1000002580
4830 1000000702
4831 1000011973
4832 1000018398
4833 1000016352
4834 1000015603
4835 1000010842
4836 1000015611
4837 1000004212
4838 1000010457
4839 1000012081
4840 1000018023
4841 1000006772
4842 1000005645
4843 1000016377
4844 1000022469
4845 1000012459
4846 1000019419
4847 1000017798
4848 1000003703
4849 1000008599
4850 1000000306
4851 1000004471
4852 1000000239
4853 1000002155
4854 1000022433
4855 1000017703
4856 1000000864
4857 1000006247
4858 1000008914
4859 1000011765
4860 1000004135
4861 1000007967
4862 1000008910
4863 1000013801
4864 1000022419
4865 1000022465
4866 1000021518
4867 1000003363
4868 1000002727
4869 1000014990
4870 1000014662
4871 1000008747
4872 1000013314
4873 1000016216
4874 1000014964
4875 1000003693
4876 1000012022
4877 1000016566
4878 1000016097
4879 1000005432
4880 1000014722
4881 1000015083
4882 1000019522
4883 1000019423
4884 1000011580
4885 1000016385
4886 1000021528
4887 1000009612
4888 1000019750
4889 1000010438
4890 1000003873
4891 1000014126
4892 1000015488
4893 1000012461
4894 1000011889
4895 1000017488
4896 1000015165
4897 1000016296
4898 1000016432
4899 1000021802
4900 1000016965
4901 1000010414
4902 1000020403
4903 1000012259
4904 1000000884
4905 1000015900
4906 1000020652
4907 1000018209
4908 1000012581
4909 1000002129
4910 1000000287
4911 1000008999
4912 1000007890
4913 1000012953
4914 1000015254
4915 1000019698
4916 1000006194
4917 1000017328
4918 1000012306
4919 1000003589
4920 1000012155
4921 1000011696
4922 1000005750
4923 1000002279
4924 1000011411
4925 1000003835
4926 1000014467
4927 1000019620
4928 1000017002
4929 1000020847
4930 1000005410
4931 1000014879
4932 1000020273
4933 1000017454
4934 1000013105
4935 1000020003
4936 1000015276
4937 1000009086
4938 1000004476
4939 1000005664
4940 1000012801
4941 1000017876
4942 1000017316
4943 1000017069
4944 1000006900
4945 1000019558
4946 1000020249
4947 1000008993
4948 1000018956
4949 1000017330
4950 1000013499
4951 1000006518
4952 1000018477
4953 1000017266
4954 1000019098
4955 1000006958
4956 1000019464
4957 1000013565
4958 1000022305
4959 1000008066
4960 1000016680
4961 1000007367
4962 1000003432
4963 1000018830
4964 1000017493
4965 1000013713
4966 1000018066
4967 1000003971
4968 1000000618
4969 1000018068
4970 1000005515
4971 1000020777
4972 1000013293
4973 1000017460
4974 1000022191
4975 1000013603
4976 1000004253
4977 1000010657
4978 1000014069
4979 1000008577
4980 1000016404
4981 1000000280
4982 1000008423
4983 1000001564
4984 1000005440
4985 1000012675
4986 1000007558
4987 1000005601
4988 1000019466
4989 1000017779
4990 1000022197
4991 1000012929
4992 1000018932
4993 1000017701
4994 1000000379
4995 1000021442
4996 1000011945
4997 1000017022
4998 1000012074
4999 1000020667
5000 1000018495
5001 1000008684
5002 1000011736
5003 1000020456
5004 1000011798
5005 1000008573
5006 1000011760
5007 1000008900
5008 1000000732
5009 1000005354
5010 1000007598
5011 1000014551
5012 1000017350
5013 1000016389
5014 1000019225
5015 1000018128
5016 1000005364
5017 1000022495
5018 1000016530
5019 1000013373
5020 1000016284
5021 1000017721
5022 1000007602
5023 1000019496
5024 1000014505
5025 1000011638
5026 1000013027
5027 1000019220
5028 1000008971
5029 1000019975
5030 1000017545
5031 1000019623
5032 1000014724
5033 1000013640
5034 1000014765
5035 1000015607
5036 1000016892
5037 1000006404
5038 1000016356
5039 1000016418
5040 1000002840
5041 1000018661
5042 1000020263
5043 1000010007
5044 1000015204
5045 1000008908
5046 1000006538
5047 1000017681
5048 1000013567
5049 1000012694
5050 1000002391
5051 1000003524
5052 1000012657
5053 1000022497
5054 1000005475
5055 1000019296
5056 1000005639
5057 1000013152
5058 1000013634
5059 1000001303
5060 1000020433
5061 1000005533
5062 1000016071
5063 1000020383
5064 1000000464
5065 1000011953
5066 1000015046
5067 1000021450
5068 1000005342
5069 1000018993
5070 1000016091
5071 1000019100
5072 1000006431
5073 1000013587
5074 1000005676
5075 1000009593
5076 1000022447
5077 1000005652
5078 1000011930
5079 1000001546
5080 1000006249
5081 1000015362
5082 1000012197
5083 1000014871
5084 1000020153
5085 1000019804
5086 1000010139
5087 1000007399
5088 1000012839
5089 1000007221
5090 1000001361
5091 1000007760
5092 1000020295
5093 1000005535
5094 1000006528
5095 1000017553
5096 1000007249
5097 1000011665
5098 1000013419
5099 1000020504
5100 1000013142
5101 1000000497
5102 1000005452
5103 1000018421
5104 1000020285
5105 1000001176
5106 1000017989
5107 1000012529
5108 1000002012
5109 1000008633
5110 1000003582
5111 1000017402
5112 1000019883
5113 1000012531
5114 1000013249
5115 1000017097
5116 1000005352
5117 1000019355
5118 1000017733
5119 1000012201
5120 1000003441
5121 1000017018
5122 1000011919
5123 1000018675
5124 1000011719
5125 1000012622
5126 1000002000
5127 1000020816
5128 1000018013
5129 1000020468
5130 1000022325
5131 1000014497
5132 1000016528
5133 1000012060
5134 1000012669
5135 1000003538
5136 1000007766
5137 1000016664
5138 1000022407
5139 1000013476
5140 1000012045
5141 1000019480
5142 1000000443
5143 1000013165
5144 1000018072
5145 1000002399
5146 1000006038
5147 1000018364
5148 1000011913
5149 1000011519
5150 1000018425
5151 1000019679
5152 1000016904
5153 1000015512
5154 1000007570
5155 1000017511
5156 1000015262
5157 1000019041
5158 1000006913
5159 1000018922
5160 1000006800
5161 1000017629
5162 1000011485
5163 1000011740
5164 1000013343
5165 1000008894
5166 1000020843
5167 1000014857
5168 1000019437
5169 1000021814
5170 1000014627
5171 1000012318
5172 1000019643
5173 1000013297
5174 1000010428
5175 1000003330
5176 1000007824
5177 1000006036
5178 1000015348
5179 1000010893
5180 1000013320
5181 1000022378
5182 1000011853
5183 1000013709
5184 1000000546
5185 1000013912
5186 1000018812
5187 1000008885
5188 1000012700
5189 1000015238
5190 1000019502
5191 1000018074
5192 1000015288
5193 1000014507
5194 1000012871
5195 1000015252
5196 1000000439
5197 1000012287
5198 1000000893
5199 1000012086
5200 1000021794
5201 1000014822
5202 1000000636
5203 1000002397
5204 1000003651
5205 1000021464
5206 1000017348
5207 1000014484
5208 1000016613
5209 1000011481
5210 1000019113
5211 1000004173
5212 1000019608
5213 1000022303
5214 1000013487
5215 1000012793
5216 1000019037
5217 1000011902
5218 1000011967
5219 1000012364
5220 1000013228
5221 1000013351
5222 1000002338
5223 1000013964
5224 1000019189
5225 1000019188
5226 1000010768
5227 1000006012
5228 1000000522
5229 1000004279
5230 1000007920
5231 1000019435
5232 1000017631
5233 1000009244
5234 1000018817
5235 1000011505
5236 1000005393
5237 1000008545
5238 1000009999
5239 1000001388
5240 1000001533
5241 1000012732
5242 1000012863
5243 1000011702
5244 1000009092
5245 1000014606
5246 1000018748
5247 1000016316
5248 1000011605
5249 1000015865
5250 1000011022
5251 1000011706
5252 1000007168
5253 1000004458
5254 1000012192
5255 1000014885
5256 1000012277
5257 1000020570
5258 1000012324
5259 1000022512
5260 1000018550
5261 1000004428
5262 1000019840
5263 1000017010
5264 1000008816
5265 1000017617
5266 1000002127
5267 1000008822
5268 1000016176
5269 1000012571